3 4
19 30 50 12
70 30 40 60
40 10 60 20
5 8 7 15
7 10 18

3 4
5 4 2 6
8 3 5 7
5 9 4 6
10 40 20 30
20 20 60



4 5
16 16 13 22 17
14 14 13 19 15 
19 19 20 23 50
50 12 50 15 11
30 20 70 30 60
50 60 50 50



3 3
6 8 10
7 11 11
4 5 12
200 100 300
150 175 275

3 2
4 1
8 7
4 2
95 35
50 20 60

4 3
2 7 4
3 3 1
5 4 7
1 6 2
7 9 18
5 8 7 14 34

























3 6
2 1 1 0 0 500
1 0 0 1 0 150
0 1 0 0 1 250


2 7
12 8 6 4 1 0 120
3 6 12 24 0 1 180




0 0 1 0
0 0 0 0
0 0 0 0
0 0 0 0






4 9
1 0 1 0 0 0 0 0 4
0 1 0 -1 0 0 1 0 2
1 1 0 0 1 0 0 0 5
1 1 0 0 0 -1 0 1 5







3 6
2 1 1 0 0 500
1 0 0 1 0 150 
0 1 0 0 1 250